2 0.7214956974637681 0.1454653532608696 0.827643795289855 0.1454653532608696 0.827643795289855 0.2629359148550725 0.7214956974637681 0.2629359148550725
0 0.537505661231884 0.2374603713768116 0.6167629076086957 0.2374603713768116 0.6167629076086957 0.3407778532608696 0.537505661231884 0.3407778532608696
0 0.7229110054347826 0.46815557065217395 0.7979223278985507 0.46815557065217395 0.7979223278985507 0.565811820652174 0.7229110054347826 0.565811820652174
0 0.5049535778985507 0.43560348731884063 0.5700577445652174 0.43560348731884063 0.5700577445652174 0.5247678894927537 0.5049535778985507 0.5247678894927537
2 0.2034929800724638 0.45117187500000006 0.31105638586956524 0.45117187500000006 0.31105638586956524 0.5502434329710145 0.2034929800724638 0.5502434329710145
2 0.34360846920289856 0.6875283061594203 0.46107903079710144 0.6875283061594203 0.46107903079710144 0.8262284873188406 0.34360846920289856 0.8262284873188406
1 0.5643965126811594 0.6422384510869565 0.6719599184782609 0.6422384510869565 0.6719599184782609 0.7894304800724637 0.5643965126811594 0.7894304800724637
3 0.2374603713768116 0.7342334692028986 0.29831861413043476 0.7342334692028986 0.29831861413043476 0.8205672554347826 0.2374603713768116 0.8205672554347826
1 0.1468806612318841 0.5459975090579711 0.2063235960144928 0.5459975090579711 0.2063235960144928 0.6096863677536232 0.1468806612318841 0.6096863677536232
0 0.05205502717391308 0.44409533514492755 0.14971127717391308 0.44409533514492755 0.14971127717391308 0.5898720561594203 0.05205502717391308 0.5898720561594203
