0 0.356346240942029 0.003934556159420332 0.43984941123188404 0.003934556159420332 0.43984941123188404 0.10159080615942032 0.356346240942029 0.10159080615942032
0 0.31105638586956524 0.32662477355072467 0.41720448369565216 0.32662477355072467 0.41720448369565216 0.42569633152173914 0.31105638586956524 0.42569633152173914
2 0.5983639039855072 0.8262284873188406 0.7002660778985507 0.8262284873188406 0.7002660778985507 0.9790817481884058 0.5983639039855072 0.9790817481884058
2 0.7837692481884058 0.09734488224637684 0.8998245018115941 0.09734488224637684 0.8998245018115941 0.21764605978260873 0.7837692481884058 0.21764605978260873
0 0.8403815670289855 0.1794327445652174 0.9026551177536232 0.1794327445652174 0.9026551177536232 0.2204766757246377 0.8403815670289855 0.2204766757246377
0 0.830474411231884 0.21340013586956524 0.9536062047101449 0.21340013586956524 0.9536062047101449 0.3096410778985508 0.830474411231884 0.3096410778985508
1 0.5191066576086957 0.4044667119565218 0.5700577445652174 0.4044667119565218 0.5700577445652174 0.4667402626811594 0.5191066576086957 0.4667402626811594
0 0.2572746829710145 0.48938519021739135 0.34643908514492755 0.48938519021739135 0.34643908514492755 0.6054404438405797 0.2572746829710145 0.6054404438405797
1 0.13697350543478265 0.5941179800724637 0.21198482789855075 0.5941179800724637 0.21198482789855075 0.652145606884058 0.13697350543478265 0.652145606884058
0 0.08885303442028988 0.5842108242753623 0.13697350543478265 0.5842108242753623 0.13697350543478265 0.6507302989130435 0.08885303442028988 0.6507302989130435
0 0.9408684329710144 0.6917742300724637 0.998046875 0.6917742300724637 0.998046875 0.7875148771907651 0.9408684329710144 0.7875148771907651
0 0.9564368206521738 0.640823143115942 0.998046875 0.640823143115942 0.998046875 0.6937813941040845 0.9564368206521738 0.6937813941040845
2 0.5304291213768115 0.3209635416666667 0.652145606884058 0.3209635416666667 0.652145606884058 0.4228657155797102 0.5304291213768115 0.4228657155797102
1 0.026579483695652214 0.11149796195652177 0.07186933876811598 0.11149796195652177 0.07186933876811598 0.16669497282608697 0.026579483695652214 0.16669497282608697
