2 0.5035382699275363 0.21764605978260873 0.6677139945652174 0.21764605978260873 0.6677139945652174 0.3747452445652174 0.5035382699275363 0.3747452445652174
0 0.8757642663043478 0.359176856884058 0.9635133605072463 0.359176856884058 0.9635133605072463 0.42994225543478265 0.8757642663043478 0.42994225543478265
2 0.45824841485507245 0.09734488224637684 0.554489356884058 0.09734488224637684 0.554489356884058 0.19783174818840582 0.45824841485507245 0.19783174818840582
0 0.3266247735507246 0.18650928442028988 0.4087126358695652 0.18650928442028988 0.4087126358695652 0.26435122282608703 0.3266247735507246 0.26435122282608703
2 0.442680027173913 0.7059273097826088 0.560150588768116 0.7059273097826088 0.560150588768116 0.8403815670289855 0.442680027173913 0.8403815670289855
1 0.5502434329710145 0.7342334692028986 0.5927026721014492 0.7342334692028986 0.5927026721014492 0.7936764039855072 0.5502434329710145 0.7936764039855072
1 0.6309159873188406 0.8078294836956522 0.6691293025362318 0.8078294836956522 0.6691293025362318 0.8460427989130435 0.6309159873188406 0.8460427989130435
2 0.32804008152173914 0.3436084692028986 0.4808933423913043 0.3436084692028986 0.4808933423913043 0.48230865036231885 0.32804008152173914 0.48230865036231885
0 0.7611243206521738 0.5686424365942029 0.824813179347826 0.5686424365942029 0.824813179347826 0.6238394474637682 0.7611243206521738 0.6238394474637682
1 0.8233978713768115 0.8672724184782609 0.9097316576086956 0.8672724184782609 0.9097316576086956 0.9833276721014492 0.8233978713768115 0.9833276721014492
1 0.19075520833333337 0.6917742300724637 0.3181329257246377 0.6917742300724637 0.3181329257246377 0.7738620923913043 0.19075520833333337 0.7738620923913043
2 0.7540477807971014 0.31105638586956524 0.830474411231884 0.31105638586956524 0.830474411231884 0.39739017210144933 0.7540477807971014 0.39739017210144933
0 0.7625396286231884 0.6139322916666666 0.827643795289855 0.6139322916666666 0.827643795289855 0.6563915307971014 0.7625396286231884 0.6563915307971014
0 0.7101732336956521 0.9309612771739131 0.7853091032608696 0.9309612771739131 0.7853091032608696 0.998046875 0.7101732336956521 0.998046875
2 0.652145606884058 0.006765172101449316 0.7243263134057971 0.006765172101449316 0.7243263134057971 0.07894587862318844 0.652145606884058 0.07894587862318844
1 0.7455559329710144 0.1780174365942029 0.838966259057971 0.1780174365942029 0.838966259057971 0.2218919836956522 0.7455559329710144 0.2218919836956522
0 0.1256510416666667 0.557319972826087 0.21623075181159424 0.557319972826087 0.21623075181159424 0.6195935235507246 0.1256510416666667 0.6195935235507246
0 0.169525588768116 0.8913326539855072 0.2077389039855073 0.8913326539855072 0.2077389039855073 0.922469429347826 0.169525588768116 0.922469429347826
0 0.6762058423913043 0.07186933876811598 0.7724467844202898 0.07186933876811598 0.7724467844202898 0.1822633605072464 0.6762058423913043 0.1822633605072464
0 0.7526324728260869 0.05913156702898554 0.841796875 0.05913156702898554 0.841796875 0.17377151268115945 0.7526324728260869 0.17377151268115945
3 0.5757189764492754 0.8856714221014492 0.6974354619565217 0.8856714221014492 0.6974354619565217 0.9960654438405797 0.5757189764492754 0.9960654438405797
0 0.003934556159420332 0.8969938858695652 0.046393795289855114 0.8969938858695652 0.046393795289855114 0.9550215126811594 0.003934556159420332 0.9550215126811594
0 0.03648663949275366 0.8842561141304348 0.12140511775362321 0.8842561141304348 0.12140511775362321 0.9408684329710145 0.03648663949275366 0.9408684329710145
