2 0.6845415900735294 0.6816693474264706 0.7778894761029412 0.6816693474264706 0.7778894761029412 0.8080480238970588 0.6845415900735294 0.8080480238970588
2 0.7793255974264706 0.27237477022058826 0.8956514246323529 0.27237477022058826 0.8956514246323529 0.38439223345588236 0.7793255974264706 0.38439223345588236
3 0.5351849724264707 0.13881548713235298 0.6888499540441176 0.13881548713235298 0.6888499540441176 0.260885799632353 0.5351849724264707 0.260885799632353
1 0.5868853400735294 0.0325425091911765 0.6945944393382353 0.0325425091911765 0.6945944393382353 0.09142348345588237 0.5868853400735294 0.09142348345588237
0 0.6974666819852942 0.03685087316176475 0.7951229319852942 0.03685087316176475 0.7951229319852942 0.1416877297794118 0.6974666819852942 0.1416877297794118
0 0.6041187959558824 0.721880744485294 0.6960305606617647 0.721880744485294 0.6960305606617647 0.8238453584558822 0.6041187959558824 0.8238453584558822
0 0.9071403952205882 0.28242761948529416 0.9947437959558824 0.28242761948529416 0.9947437959558824 0.35997817095588236 0.9071403952205882 0.35997817095588236
0 0.003820082720588271 0.18620749080882357 0.06413717830882355 0.18620749080882357 0.06413717830882355 0.26950252757352944 0.003820082720588271 0.26950252757352944
2 0.008128446691176506 0.8224092371323529 0.13450712316176472 0.8224092371323529 0.13450712316176472 0.9272460937499999 0.008128446691176506 0.9272460937499999
2 0.03828699448529415 0.7577837775735293 0.1201459099264706 0.7577837775735293 0.1201459099264706 0.836770450367647 0.03828699448529415 0.836770450367647
3 0.1675379136029412 0.005256204044117682 0.23647173713235295 0.005256204044117682 0.23647173713235295 0.09716796875000003 0.1675379136029412 0.09716796875000003
2 0.006692325367647094 0.31115004595588236 0.11152918198529414 0.31115004595588236 0.11152918198529414 0.42891199448529416 0.006692325367647094 0.42891199448529416
0 0.7376780790441176 0.9358628216911764 0.8303196278511403 0.9358628216911764 0.8303196278511403 0.998046875 0.7376780790441176 0.998046875
0 0.839642693014706 0.6601275275735293 0.9459156709558824 0.6601275275735293 0.9459156709558824 0.7491670496323529 0.839642693014706 0.7491670496323529
2 0.8109202665441176 0.8626206341911764 0.9186293658088236 0.8626206341911764 0.9186293658088236 0.9703297334558822 0.8109202665441176 0.9703297334558822
0 0.5998104319852942 0.9459156709558822 0.6793791118421053 0.9459156709558822 0.6793791118421053 0.998046875 0.5998104319852942 0.998046875
0 0.6773609834558824 0.003820082720588272 0.7520392922794118 0.003820082720588272 0.7520392922794118 0.0325425091911765 0.6773609834558824 0.0325425091911765
0 0.8741096047794118 0.7865062040441175 0.9215016084558824 0.7865062040441175 0.9215016084558824 0.8382065716911764 0.8741096047794118 0.8382065716911764
