1 0.3733299365942029 0.41012794384057977 0.45541779891304346 0.41012794384057977 0.45541779891304346 0.5035382699275363 0.3733299365942029 0.5035382699275363
1 0.3153023097826087 0.4554177989130435 0.3761605525362319 0.4554177989130435 0.3761605525362319 0.5346750452898551 0.3153023097826087 0.5346750452898551
0 0.23321444746376815 0.2954879981884058 0.32804008152173914 0.2954879981884058 0.32804008152173914 0.4200350996376812 0.23321444746376815 0.4200350996376812
0 0.07186933876811598 0.49787703804347827 0.166694972826087 0.49787703804347827 0.166694972826087 0.5912873641304348 0.07186933876811598 0.5912873641304348
3 0.33936254528985504 0.8318897192028986 0.44409533514492755 0.8318897192028986 0.44409533514492755 0.9380378170289855 0.33936254528985504 0.9380378170289855
2 0.643653759057971 0.5983639039855073 0.7611243206521738 0.5983639039855073 0.7611243206521738 0.7229110054347826 0.643653759057971 0.7229110054347826
3 0.7130038496376812 0.8375509510869565 0.8262284873188406 0.8375509510869565 0.8262284873188406 0.956436820652174 0.7130038496376812 0.956436820652174
0 0.49787703804347827 0.9054857336956522 0.6210088315217391 0.9054857336956522 0.6210088315217391 0.9960654438405797 0.49787703804347827 0.9960654438405797
0 0.44409533514492755 0.6889436141304348 0.543166893115942 0.6889436141304348 0.543166893115942 0.7965070199275363 0.44409533514492755 0.7965070199275363
0 0.5063688858695652 0.4525871829710145 0.5870414402173912 0.4525871829710145 0.5870414402173912 0.5120301177536232 0.5063688858695652 0.5120301177536232
0 0.4808933423913043 0.4950464221014493 0.5714730525362318 0.4950464221014493 0.5714730525362318 0.5842108242753623 0.4808933423913043 0.5842108242753623
0 0.454002490942029 0.5700577445652174 0.5389209692028986 0.5700577445652174 0.5389209692028986 0.663468070652174 0.454002490942029 0.663468070652174
2 0.5275985054347826 0.10442142210144931 0.6493149909420289 0.10442142210144931 0.6493149909420289 0.2417062952898551 0.5275985054347826 0.2417062952898551
2 0.5191066576086957 0.3025645380434783 0.6478996829710144 0.3025645380434783 0.6478996829710144 0.42994225543478265 0.5191066576086957 0.42994225543478265
0 0.39031363224637683 0.25444406702898553 0.45541779891304346 0.25444406702898553 0.45541779891304346 0.3195482336956522 0.39031363224637683 0.3195482336956522
2 0.31105638586956524 0.11008265398550728 0.42003509963768115 0.11008265398550728 0.42003509963768115 0.20915421195652176 0.31105638586956524 0.20915421195652176
2 0.741310009057971 0.3846524003623189 0.8743489583333333 0.3846524003623189 0.8743489583333333 0.4964617300724638 0.741310009057971 0.4964617300724638
2 0.8559499547101449 0.48513926630434784 0.9635133605072463 0.48513926630434784 0.9635133605072463 0.6011945199275363 0.8559499547101449 0.6011945199275363
0 0.7087579257246377 0.3832370923913044 0.7795233242753623 0.3832370923913044 0.7795233242753623 0.44409533514492755 0.7087579257246377 0.44409533514492755
2 0.8856714221014492 0.2374603713768116 0.9720052083333333 0.2374603713768116 0.9720052083333333 0.3209635416666667 0.8856714221014492 0.3209635416666667
2 0.11574388586956526 0.1482959692028986 0.19924705615942032 0.1482959692028986 0.19924705615942032 0.26435122282608703 0.11574388586956526 0.26435122282608703
1 0.2020776721014493 0.20490828804347827 0.31105638586956524 0.20490828804347827 0.31105638586956524 0.3011492300724638 0.2020776721014493 0.3011492300724638
1 0.8984091938405797 0.649314990942029 0.9663439764492753 0.649314990942029 0.9663439764492753 0.7158344655797102 0.8984091938405797 0.7158344655797102
0 0.022333559782608734 0.08460711050724641 0.09168365036231887 0.08460711050724641 0.09168365036231887 0.15961843297101452 0.022333559782608734 0.15961843297101452
