1 0.643653759057971 0.8092447916666666 0.735648777173913 0.8092447916666666 0.735648777173913 0.8998245018115942 0.643653759057971 0.8998245018115942
1 0.6705446105072463 0.7667855525362319 0.7087579257246377 0.7667855525362319 0.7087579257246377 0.8078294836956522 0.6705446105072463 0.8078294836956522
0 0.5983639039855072 0.029410099637681198 0.6875283061594203 0.029410099637681198 0.6875283061594203 0.12140511775362321 0.5983639039855072 0.12140511775362321
1 0.4808933423913043 0.20773890398550726 0.5672271286231884 0.20773890398550726 0.5672271286231884 0.29973392210144933 0.4808933423913043 0.29973392210144933
1 0.5983639039855072 0.23462975543478262 0.6818670742753623 0.23462975543478262 0.6818670742753623 0.3478543931159421 0.5983639039855072 0.3478543931159421
0 0.6818670742753623 0.2601052989130435 0.7455559329710144 0.2601052989130435 0.7455559329710144 0.35351562500000006 0.6818670742753623 0.35351562500000006
0 0.8177366394927535 0.31813292572463775 0.8969938858695652 0.31813292572463775 0.8969938858695652 0.39172894021739135 0.8177366394927535 0.39172894021739135
1 0.34219316123188404 0.15395720108695654 0.4327728713768116 0.15395720108695654 0.4327728713768116 0.22755321557971017 0.34219316123188404 0.22755321557971017
0 0.9168081974637681 0.16244904891304351 0.9960654438405796 0.16244904891304351 0.9960654438405796 0.2417062952898551 0.9168081974637681 0.2417062952898551
1 0.7993376358695652 0.2218919836956522 0.8658571105072463 0.2218919836956522 0.8658571105072463 0.2841655344202899 0.7993376358695652 0.2841655344202899
0 0.7752774003623188 0.08036118659420294 0.8842561141304347 0.08036118659420294 0.8842561141304347 0.17094089673913046 0.7752774003623188 0.17094089673913046
1 0.8474581068840579 0.1850939764492754 0.9012398097826086 0.1850939764492754 0.9012398097826086 0.23604506340579712 0.8474581068840579 0.23604506340579712
1 0.26576653079710144 0.16527966485507248 0.3365319293478261 0.16527966485507248 0.3365319293478261 0.25302875905797106 0.26576653079710144 0.25302875905797106
1 0.18226336050724642 0.1850939764492754 0.26010529891304346 0.1850939764492754 0.26010529891304346 0.2813349184782609 0.18226336050724642 0.2813349184782609
0 0.11857450181159422 0.21056951992753625 0.18367866847826092 0.21056951992753625 0.18367866847826092 0.28841145833333337 0.11857450181159422 0.28841145833333337
2 0.8672724184782609 0.5771342844202899 0.9932348278985508 0.5771342844202899 0.9932348278985508 0.7016813858695652 0.8672724184782609 0.7016813858695652
1 0.0067651721014493175 0.2983186141304348 0.08460711050724641 0.2983186141304348 0.08460711050724641 0.40305140398550726 0.0067651721014493175 0.40305140398550726
0 0.8969938858695652 0.003934556159420332 0.9734205163043478 0.003934556159420332 0.9734205163043478 0.056300951086956555 0.8969938858695652 0.056300951086956555
