1 0.5870414402173912 0.35068500905797106 0.6719599184782609 0.35068500905797106 0.6719599184782609 0.44409533514492755 0.5870414402173912 0.44409533514492755
2 0.7370640851449275 0.32662477355072467 0.841796875 0.32662477355072467 0.841796875 0.4313575634057971 0.7370640851449275 0.4313575634057971
0 0.24453691123188406 0.26435122282608703 0.34643908514492755 0.26435122282608703 0.34643908514492755 0.3478543931159421 0.24453691123188406 0.3478543931159421
0 0.5233525815217391 0.3237941576086957 0.5743036684782609 0.3237941576086957 0.5743036684782609 0.37332993659420294 0.5233525815217391 0.37332993659420294
2 0.18650928442028988 0.4016360960144928 0.28982676630434784 0.4016360960144928 0.28982676630434784 0.4695708786231884 0.18650928442028988 0.4695708786231884
0 0.6846976902173912 0.22330729166666669 0.7611243206521738 0.22330729166666669 0.7611243206521738 0.2954879981884058 0.6846976902173912 0.2954879981884058
0 0.5304291213768115 0.7342334692028986 0.6563915307971014 0.7342334692028986 0.6563915307971014 0.841796875 0.5304291213768115 0.841796875
2 0.05488564311594206 0.5827955163043479 0.23604506340579715 0.5827955163043479 0.23604506340579715 0.7073426177536232 0.05488564311594206 0.7073426177536232
0 0.456833106884058 0.8134907155797102 0.5530740489130435 0.8134907155797102 0.5530740489130435 0.9026551177536232 0.456833106884058 0.9026551177536232
0 0.6422384510869565 0.928130661231884 0.7370640851449275 0.928130661231884 0.7370640851449275 0.9960654438405797 0.6422384510869565 0.9960654438405797
2 0.8587805706521738 0.7229110054347826 0.9847429800724637 0.7229110054347826 0.9847429800724637 0.841796875 0.8587805706521738 0.841796875
0 0.7059273097826086 0.5728883605072463 0.7936764039855072 0.5728883605072463 0.7936764039855072 0.649314990942029 0.7059273097826086 0.649314990942029
2 0.3917289402173913 0.04639379528985511 0.5233525815217391 0.04639379528985511 0.5233525815217391 0.12848165760869568 0.3917289402173913 0.12848165760869568
2 0.738479393115942 0.10442142210144931 0.8460427989130435 0.10442142210144931 0.8460427989130435 0.20773890398550726 0.738479393115942 0.20773890398550726
2 0.8601958786231884 0.01950294384057975 0.9720052083333333 0.01950294384057975 0.9720052083333333 0.11857450181159424 0.8601958786231884 0.11857450181159424
2 0.9040704257246376 0.31813292572463775 0.9946501358695652 0.31813292572463775 0.9946501358695652 0.42428102355072467 0.9040704257246376 0.42428102355072467
1 0.6705446105072463 0.4554177989130435 0.7639549365942029 0.4554177989130435 0.7639549365942029 0.5346750452898551 0.6705446105072463 0.5346750452898551
1 0.5559046648550724 0.8389662590579711 0.5941179800724637 0.8389662590579711 0.5941179800724637 0.8800101902173914 0.5559046648550724 0.8800101902173914
0 0.7030966938405797 0.42994225543478265 0.7625396286231884 0.42994225543478265 0.7625396286231884 0.48655457427536236 0.7030966938405797 0.48655457427536236
2 0.030825407608695694 0.29407269021739135 0.11008265398550728 0.29407269021739135 0.11008265398550728 0.3846524003623189 0.030825407608695694 0.3846524003623189
