1 0.6309159873188406 0.635161911231884 0.6960201539855072 0.635161911231884 0.6960201539855072 0.744140625 0.6309159873188406 0.744140625
0 0.6450690670289855 0.4695708786231884 0.7342334692028986 0.4695708786231884 0.7342334692028986 0.5389209692028986 0.6450690670289855 0.5389209692028986
0 0.6733752264492753 0.5403362771739131 0.727156929347826 0.5403362771739131 0.727156929347826 0.5827955163043479 0.6733752264492753 0.5827955163043479
1 0.8191519474637681 0.3577615489130435 0.8984091938405797 0.3577615489130435 0.8984091938405797 0.46532495471014496 0.8191519474637681 0.46532495471014496
0 0.6309159873188406 0.3167176177536232 0.7285722373188406 0.3167176177536232 0.7285722373188406 0.40305140398550726 0.6309159873188406 0.40305140398550726
1 0.5898720561594203 0.17518682065217395 0.6762058423913043 0.17518682065217395 0.6762058423913043 0.2841655344202899 0.5898720561594203 0.2841655344202899
0 0.9422837409420289 0.11857450181159424 0.998046875 0.11857450181159424 0.998046875 0.19026995988612838 0.9422837409420289 0.19026995988612838
1 0.5643965126811594 0.06337749094202902 0.6365772192028986 0.06337749094202902 0.6365772192028986 0.13697350543478265 0.5643965126811594 0.13697350543478265
1 0.6478996829710144 0.09309895833333337 0.7073426177536232 0.09309895833333337 0.7073426177536232 0.16527966485507248 0.6478996829710144 0.16527966485507248
1 0.5898720561594203 0.005349864130434824 0.6606374547101449 0.005349864130434824 0.6606374547101449 0.03931725543478264 0.5898720561594203 0.03931725543478264
