2 0.8743489583333333 0.11291326992753627 0.9932348278985508 0.11291326992753627 0.9932348278985508 0.24878283514492758 0.8743489583333333 0.24878283514492758
0 0.38748301630434784 0.755463088768116 0.4469259510869565 0.755463088768116 0.4469259510869565 0.8318897192028986 0.38748301630434784 0.8318897192028986
2 0.4356034873188406 0.7101732336956522 0.543166893115942 0.7101732336956522 0.543166893115942 0.7894304800724637 0.4356034873188406 0.7894304800724637
1 0.12282042572463771 0.744140625 0.2020776721014493 0.744140625 0.2020776721014493 0.8064141757246377 0.12282042572463771 0.8064141757246377
0 0.13272758152173916 0.8092447916666666 0.21481544384057974 0.8092447916666666 0.21481544384057974 0.858780570652174 0.13272758152173916 0.858780570652174
1 0.46390964673913043 0.8318897192028986 0.5530740489130435 0.8318897192028986 0.5530740489130435 0.922469429347826 0.46390964673913043 0.922469429347826
0 0.4157891757246377 0.8601958786231884 0.47806272644927533 0.8601958786231884 0.47806272644927533 0.9422837409420289 0.4157891757246377 0.9422837409420289
0 0.4087126358695652 0.939453125 0.4695708786231884 0.939453125 0.4695708786231884 0.9974807518115942 0.4087126358695652 0.9974807518115942
2 0.30397984601449274 0.8785948822463768 0.3888983242753623 0.8785948822463768 0.3888983242753623 0.9635133605072463 0.30397984601449274 0.9635133605072463
1 0.23321444746376815 0.8771795742753623 0.2884114583333333 0.8771795742753623 0.2884114583333333 0.933791893115942 0.23321444746376815 0.933791893115942
0 0.2459522192028986 0.9309612771739131 0.30256453804347827 0.9309612771739131 0.30256453804347827 0.9748358242753623 0.2459522192028986 0.9748358242753623
2 0.08460711050724641 0.9097316576086957 0.2233072916666667 0.9097316576086957 0.2233072916666667 0.9790817481884058 0.08460711050724641 0.9790817481884058
