0 0.6974354619565217 0.565811820652174 0.7781080163043478 0.565811820652174 0.7781080163043478 0.657806838768116 0.6974354619565217 0.657806838768116
0 0.6096863677536232 0.6167629076086957 0.6917742300724637 0.6167629076086957 0.6917742300724637 0.7016813858695652 0.6096863677536232 0.7016813858695652
0 0.6125169836956521 0.4992923460144928 0.727156929347826 0.4992923460144928 0.727156929347826 0.5799649003623188 0.6125169836956521 0.5799649003623188
2 0.4922158061594203 0.3039798460144928 0.6026098278985507 0.3039798460144928 0.6026098278985507 0.4016360960144928 0.4922158061594203 0.4016360960144928
0 0.6478996829710144 0.4398494112318841 0.727156929347826 0.4398494112318841 0.727156929347826 0.4950464221014493 0.6478996829710144 0.4950464221014493
0 0.6478996829710144 0.3931442481884058 0.6974354619565217 0.3931442481884058 0.6974354619565217 0.454002490942029 0.6478996829710144 0.454002490942029
1 0.3917289402173913 0.4285269474637681 0.47664741847826086 0.4285269474637681 0.47664741847826086 0.4908004981884058 0.3917289402173913 0.4908004981884058
0 0.38748301630434784 0.5077841938405797 0.4596637228260869 0.5077841938405797 0.4596637228260869 0.5686424365942029 0.38748301630434784 0.5686424365942029
0 0.5063688858695652 0.5389209692028986 0.5658118206521738 0.5389209692028986 0.5658118206521738 0.6054404438405797 0.5063688858695652 0.6054404438405797
0 0.5077841938405797 0.44692595108695654 0.6054404438405797 0.44692595108695654 0.6054404438405797 0.5360903532608696 0.5077841938405797 0.5360903532608696
1 0.30397984601449274 0.7130038496376812 0.35776154891304346 0.7130038496376812 0.35776154891304346 0.7795233242753623 0.30397984601449274 0.7795233242753623
0 0.3322860054347826 0.5856261322463768 0.38748301630434784 0.5856261322463768 0.38748301630434784 0.6535609148550725 0.3322860054347826 0.6535609148550725
0 0.32804008152173914 0.6167629076086957 0.43984941123188404 0.6167629076086957 0.43984941123188404 0.755463088768116 0.32804008152173914 0.755463088768116
0 0.8403815670289855 0.13555819746376815 0.998046875 0.13555819746376815 0.998046875 0.21982758620689666 0.8403815670289855 0.21982758620689666
2 0.8432121829710144 0.19075520833333337 0.998046875 0.19075520833333337 0.998046875 0.4230072463768117 0.8432121829710144 0.4230072463768117
