2 0.04546760110294121 0.3786477481617647 0.18620749080882354 0.3786477481617647 0.18620749080882354 0.51220703125 0.04546760110294121 0.51220703125
2 0.23934397977941177 0.33269186580882354 0.38870059742647056 0.33269186580882354 0.38870059742647056 0.41598690257352944 0.23934397977941177 0.41598690257352944
2 0.39013671875 0.7003389246323529 0.5165153952205883 0.7003389246323529 0.5165153952205883 0.8252814797794117 0.39013671875 0.8252814797794117
3 0.3154584099264706 0.8023035386029411 0.3872644761029412 0.8023035386029411 0.3872644761029412 0.934426700367647 0.3154584099264706 0.934426700367647
2 0.5969381893382353 0.22211052389705885 0.7218807444852942 0.22211052389705885 0.7218807444852942 0.30827780330882354 0.5969381893382353 0.30827780330882354
2 0.4806123621323529 0.2637580422794118 0.5897575827205883 0.2637580422794118 0.5897575827205883 0.3858283547794118 0.4806123621323529 0.3858283547794118
2 0.2781192555147059 0.14743221507352944 0.3585420496323529 0.14743221507352944 0.3585420496323529 0.24508846507352944 0.2781192555147059 0.24508846507352944
2 0.13881548713235295 0.13019875919117652 0.23647173713235295 0.13019875919117652 0.23647173713235295 0.24652458639705888 0.13881548713235295 0.24652458639705888
3 0.40593405330882354 0.10722081801470591 0.5308766084558824 0.10722081801470591 0.5308766084558824 0.2149299172794118 0.40593405330882354 0.2149299172794118
3 0.5021541819852942 0.008128446691176506 0.6127355238970589 0.008128446691176506 0.6127355238970589 0.10004021139705885 0.5021541819852942 0.10004021139705885
2 0.8166647518382353 0.008128446691176506 0.937298943014706 0.008128446691176506 0.937298943014706 0.12158203125000001 0.8166647518382353 0.12158203125000001
