0 0.5868853400735294 0.8166647518382353 0.6874138327205883 0.8166647518382353 0.6874138327205883 0.9732019761029411 0.5868853400735294 0.9732019761029411
3 0.7103917738970589 0.5452378216911764 0.8252814797794118 0.5452378216911764 0.8252814797794118 0.6845415900735293 0.7103917738970589 0.6845415900735293
2 0.23790785845588236 0.6716164981617646 0.3484892003676471 0.6716164981617646 0.3484892003676471 0.7936868106617646 0.23790785845588236 0.7936868106617646
0 0.7635282628676471 0.5165153952205882 0.8468232996323529 0.5165153952205882 0.8468232996323529 0.5969381893382353 0.7635282628676471 0.5969381893382353
0 0.06988166360294121 0.7821978400735293 0.1933880974264706 0.7821978400735293 0.1933880974264706 0.8755457261029411 0.06988166360294121 0.8755457261029411
2 0.05839269301470591 0.06988166360294121 0.15174057904411767 0.06988166360294121 0.15174057904411767 0.18764361213235298 0.05839269301470591 0.18764361213235298
0 0.7936868106617647 0.0928596047794118 0.8827263327205882 0.0928596047794118 0.8827263327205882 0.17902688419117652 0.7936868106617647 0.17902688419117652
0 0.6299689797794118 0.17328239889705885 0.6859777113970589 0.17328239889705885 0.6859777113970589 0.23072725183823534 0.6299689797794118 0.23072725183823534
0 0.5639073988970589 0.1273265165441177 0.6242244944852942 0.1273265165441177 0.6242244944852942 0.18046300551470593 0.5639073988970589 0.18046300551470593
0 0.6242244944852942 0.08280675551470591 0.6802332261029412 0.08280675551470591 0.6802332261029412 0.13307100183823534 0.6242244944852942 0.13307100183823534
