1 0.7314028532608695 0.5318444293478262 0.8120754076086956 0.5318444293478262 0.8120754076086956 0.6068557518115942 0.7314028532608695 0.6068557518115942
0 0.4115432518115942 0.5077841938405797 0.49646173007246375 0.5077841938405797 0.49646173007246375 0.6011945199275363 0.4115432518115942 0.6011945199275363
0 0.46390964673913043 0.5955332880434783 0.5785495923913043 0.5955332880434783 0.5785495923913043 0.6762058423913043 0.46390964673913043 0.6762058423913043
0 0.3704993206521739 0.6153475996376812 0.4356034873188406 0.6153475996376812 0.4356034873188406 0.6747905344202899 0.3704993206521739 0.6747905344202899
2 0.21056951992753628 0.6195935235507246 0.3138870018115942 0.6195935235507246 0.3138870018115942 0.7144191576086957 0.21056951992753628 0.7144191576086957
2 0.11857450181159422 0.8149060235507246 0.24170629528985513 0.8149060235507246 0.24170629528985513 0.9436990489130435 0.11857450181159422 0.9436990489130435
0 0.23462975543478265 0.3365319293478261 0.3266247735507246 0.3365319293478261 0.3266247735507246 0.4143738677536232 0.23462975543478265 0.4143738677536232
1 0.4327728713768116 0.39031363224637683 0.5035382699275363 0.39031363224637683 0.5035382699275363 0.4639096467391305 0.4327728713768116 0.4639096467391305
0 0.32520946557971014 0.8559499547101449 0.3945595561594203 0.8559499547101449 0.3945595561594203 0.9125622735507246 0.32520946557971014 0.9125622735507246
0 0.08177649456521742 0.3308706974637682 0.18650928442028988 0.3308706974637682 0.18650928442028988 0.4157891757246377 0.08177649456521742 0.4157891757246377
1 0.13980412137681164 0.41012794384057977 0.2006623641304348 0.41012794384057977 0.2006623641304348 0.46249433876811596 0.13980412137681164 0.46249433876811596
1 0.040732563405797145 0.7682008605072463 0.1270663496376812 0.7682008605072463 0.1270663496376812 0.8771795742753623 0.040732563405797145 0.8771795742753623
0 0.6535609148550724 0.3209635416666667 0.7101732336956521 0.3209635416666667 0.7101732336956521 0.3789911684782609 0.6535609148550724 0.3789911684782609
2 0.749801856884058 0.06054687500000003 0.936622509057971 0.06054687500000003 0.936622509057971 0.24736752717391305 0.749801856884058 0.24736752717391305
1 0.34077785326086957 0.7087579257246377 0.44409533514492755 0.7087579257246377 0.44409533514492755 0.8021682518115942 0.34077785326086957 0.8021682518115942
1 0.8630264945652173 0.9465296648550725 0.9606827445652173 0.9465296648550725 0.9606827445652173 0.9960654438405797 0.8630264945652173 0.9960654438405797
0 0.06196218297101452 0.5091995018115942 0.1454653532608696 0.5091995018115942 0.1454653532608696 0.6195935235507246 0.06196218297101452 0.6195935235507246
