2 0.8238453584558824 0.6299689797794117 0.9387350643382353 0.6299689797794117 0.9387350643382353 0.7362419577205882 0.8238453584558824 0.7362419577205882
0 0.619916130514706 0.5466739430147058 0.7577837775735294 0.5466739430147058 0.7577837775735294 0.6314051011029411 0.619916130514706 0.6314051011029411
0 0.35710592830882354 0.5639073988970588 0.46337890625 0.5639073988970588 0.46337890625 0.6472024356617646 0.35710592830882354 0.6472024356617646
2 0.12589039522058826 0.6917221966911764 0.22498276654411767 0.6917221966911764 0.22498276654411767 0.8066119025735293 0.12589039522058826 0.8066119025735293
2 0.41598690257352944 0.4116785386029412 0.5351849724264707 0.4116785386029412 0.5351849724264707 0.502154181985294 0.41598690257352944 0.502154181985294
2 0.6701803768382353 0.3872644761029412 0.7735811121323529 0.3872644761029412 0.7735811121323529 0.4892290900735294 0.6701803768382353 0.4892290900735294
3 0.20200482536764708 0.14743221507352944 0.3068416819852941 0.14743221507352944 0.3068416819852941 0.2508329503676471 0.20200482536764708 0.2508329503676471
1 0.43752872242647056 0.2666302849264706 0.5524184283088236 0.2666302849264706 0.5524184283088236 0.35710592830882354 0.43752872242647056 0.35710592830882354
0 0.005256204044117683 0.13450712316176475 0.08567899816176473 0.13450712316176475 0.08567899816176473 0.260885799632353 0.005256204044117683 0.260885799632353
2 0.11009306066176473 0.24652458639705888 0.25944967830882354 0.24652458639705888 0.25944967830882354 0.36572265625 0.11009306066176473 0.36572265625
0 0.006692325367647094 0.36715877757352944 0.08424287683823532 0.36715877757352944 0.08424287683823532 0.4748678768382353 0.006692325367647094 0.4748678768382353
0 0.5208237591911765 0.08711511948529414 0.6112994025735294 0.08711511948529414 0.6112994025735294 0.1775907628676471 0.5208237591911765 0.1775907628676471
