2 0.4115432518115942 0.39739017210144933 0.5077841938405797 0.39739017210144933 0.5077841938405797 0.5077841938405797 0.4115432518115942 0.5077841938405797
1 0.6804517663043478 0.9040704257246377 0.7455559329710144 0.9040704257246377 0.7455559329710144 0.9578521286231884 0.6804517663043478 0.9578521286231884
0 0.7865998641304347 0.9238847373188406 0.8690022393317229 0.9238847373188406 0.8690022393317229 0.998046875 0.7865998641304347 0.998046875
2 0.24453691123188406 0.23604506340579712 0.3676687047101449 0.23604506340579712 0.3676687047101449 0.37332993659420294 0.24453691123188406 0.37332993659420294
3 0.03365602355072468 0.39172894021739135 0.163864356884058 0.39172894021739135 0.163864356884058 0.4992923460144928 0.03365602355072468 0.4992923460144928
2 0.741310009057971 0.10300611413043481 0.8502887228260869 0.10300611413043481 0.8502887228260869 0.2020776721014493 0.741310009057971 0.2020776721014493
2 0.41861979166666663 0.06620810688405801 0.531844429347826 0.06620810688405801 0.531844429347826 0.18792459239130438 0.41861979166666663 0.18792459239130438
2 0.2049082880434783 0.05771625905797105 0.3153023097826087 0.05771625905797105 0.3153023097826087 0.17377151268115945 0.2049082880434783 0.17377151268115945
2 0.33936254528985504 0.006765172101449316 0.45258718297101447 0.006765172101449316 0.45258718297101447 0.09168365036231887 0.33936254528985504 0.09168365036231887
3 0.47240149456521735 0.2402909873188406 0.5799649003623188 0.2402909873188406 0.5799649003623188 0.3421931612318841 0.47240149456521735 0.3421931612318841
2 0.6125169836956521 0.36766870471014496 0.7101732336956521 0.36766870471014496 0.7101732336956521 0.4752321105072464 0.6125169836956521 0.4752321105072464
2 0.928130661231884 0.6139322916666666 0.998046875 0.6139322916666666 0.998046875 0.7174620697463767 0.928130661231884 0.7174620697463767
