1 0.2020776721014493 0.5063688858695652 0.3266247735507246 0.5063688858695652 0.3266247735507246 0.6096863677536232 0.2020776721014493 0.6096863677536232
1 0.39880548007246375 0.48230865036231885 0.47947803442028986 0.48230865036231885 0.47947803442028986 0.6011945199275363 0.39880548007246375 0.6011945199275363
3 0.24878283514492758 0.3237941576086957 0.36342278079710144 0.3237941576086957 0.36342278079710144 0.4695708786231884 0.24878283514492758 0.4695708786231884
0 0.735648777173913 0.9253000452898551 0.824813179347826 0.9253000452898551 0.824813179347826 0.9946501358695652 0.735648777173913 0.9946501358695652
1 0.5445822010869565 0.6762058423913043 0.6620527626811594 0.6762058423913043 0.6620527626811594 0.7724467844202899 0.5445822010869565 0.7724467844202899
0 0.012426403985507286 0.3308706974637682 0.10442142210144931 0.3308706974637682 0.10442142210144931 0.4398494112318841 0.012426403985507286 0.4398494112318841
2 0.06620810688405801 0.15112658514492755 0.1482959692028986 0.15112658514492755 0.1482959692028986 0.24453691123188406 0.06620810688405801 0.24453691123188406
0 0.13697350543478265 0.17660212862318844 0.18933990036231887 0.17660212862318844 0.18933990036231887 0.2629359148550725 0.13697350543478265 0.2629359148550725
0 0.4837239583333333 0.16952558876811596 0.5643965126811594 0.16952558876811596 0.5643965126811594 0.2657665307971015 0.4837239583333333 0.2657665307971015
2 0.5389209692028986 0.21481544384057974 0.652145606884058 0.21481544384057974 0.652145606884058 0.3308706974637682 0.5389209692028986 0.3308706974637682
0 0.5870414402173912 0.3478543931159421 0.6252547554347826 0.3478543931159421 0.6252547554347826 0.3988054800724638 0.5870414402173912 0.3988054800724638
1 0.9026551177536232 0.6762058423913043 0.9748358242753623 0.6762058423913043 0.9748358242753623 0.7908457880434783 0.9026551177536232 0.7908457880434783
1 0.7526324728260869 0.05771625905797105 0.8630264945652173 0.05771625905797105 0.8630264945652173 0.15820312500000003 0.7526324728260869 0.15820312500000003
0 0.6903589221014492 0.2417062952898551 0.7894304800724637 0.2417062952898551 0.7894304800724637 0.362007472826087 0.6903589221014492 0.362007472826087
2 0.4072973278985507 0.025164175724637722 0.5346750452898551 0.025164175724637722 0.5346750452898551 0.15678781702898553 0.4072973278985507 0.15678781702898553
