0 0.4653249547101449 0.6379925271739131 0.5502434329710145 0.6379925271739131 0.5502434329710145 0.7101732336956522 0.4653249547101449 0.7101732336956522
0 0.5842108242753623 0.6677139945652174 0.6252547554347826 0.6677139945652174 0.6252547554347826 0.6988507699275363 0.5842108242753623 0.6988507699275363
0 0.43418817934782605 0.6096863677536232 0.4808933423913043 0.6096863677536232 0.4808933423913043 0.663468070652174 0.43418817934782605 0.663468070652174
1 0.4129585597826087 0.8007529438405797 0.49646173007246375 0.8007529438405797 0.49646173007246375 0.8672724184782609 0.4129585597826087 0.8672724184782609
2 0.5700577445652174 0.34926970108695654 0.657806838768116 0.34926970108695654 0.657806838768116 0.42428102355072467 0.5700577445652174 0.42428102355072467
2 0.6733752264492753 0.3337013134057971 0.7455559329710144 0.3337013134057971 0.7455559329710144 0.4143738677536232 0.6733752264492753 0.4143738677536232
2 0.7880151721014492 0.9210541213768115 0.9267153532608695 0.9210541213768115 0.9267153532608695 0.9974807518115942 0.7880151721014492 0.9974807518115942
0 0.7214956974637681 0.847458106884058 0.7540477807971014 0.847458106884058 0.7540477807971014 0.8899173460144928 0.7214956974637681 0.8899173460144928
1 0.6818670742753623 0.9040704257246377 0.735648777173913 0.9040704257246377 0.735648777173913 0.933791893115942 0.6818670742753623 0.933791893115942
0 0.6181782155797101 0.8432121829710145 0.6648833786231884 0.8432121829710145 0.6648833786231884 0.8885020380434783 0.6181782155797101 0.8885020380434783
0 0.6394078351449275 0.2204766757246377 0.6875283061594203 0.2204766757246377 0.6875283061594203 0.24595221920289856 0.6394078351449275 0.24595221920289856
0 0.7016813858695652 0.19783174818840582 0.7554630887681159 0.19783174818840582 0.7554630887681159 0.28841145833333337 0.7016813858695652 0.28841145833333337
