0 0.38040647644927533 0.8616111865942029 0.4681555706521739 0.8616111865942029 0.4681555706521739 0.9380378170289855 0.38040647644927533 0.9380378170289855
0 0.652145606884058 0.27284307065217395 0.727156929347826 0.27284307065217395 0.727156929347826 0.33511662137681164 0.652145606884058 0.33511662137681164
2 0.827643795289855 0.6266700634057971 0.9720052083333333 0.6266700634057971 0.9720052083333333 0.7639549365942029 0.827643795289855 0.7639549365942029
1 0.2785043025362319 0.29124207427536236 0.36625339673913043 0.29124207427536236 0.36625339673913043 0.359176856884058 0.2785043025362319 0.359176856884058
1 0.356346240942029 0.09026834239130438 0.445510643115942 0.09026834239130438 0.445510643115942 0.21198482789855075 0.356346240942029 0.21198482789855075
0 0.17235620471014496 0.42569633152173914 0.26718183876811596 0.42569633152173914 0.26718183876811596 0.5417515851449276 0.17235620471014496 0.5417515851449276
0 0.030825407608695694 0.42569633152173914 0.09026834239130438 0.42569633152173914 0.09026834239130438 0.48372395833333337 0.030825407608695694 0.48372395833333337
1 0.0025192481884058395 0.06196218297101452 0.07328464673913047 0.06196218297101452 0.07328464673913047 0.163864356884058 0.0025192481884058395 0.163864356884058
0 0.003934556159420332 0.2417062952898551 0.06762341485507249 0.2417062952898551 0.06762341485507249 0.3450237771739131 0.003934556159420332 0.3450237771739131
0 0.22047667572463772 0.7030966938405797 0.261520606884058 0.7030966938405797 0.261520606884058 0.749801856884058 0.22047667572463772 0.749801856884058
1 0.23179913949275366 0.755463088768116 0.3266247735507246 0.755463088768116 0.3266247735507246 0.8644418025362319 0.23179913949275366 0.8644418025362319
1 0.250198143115942 0.9323765851449275 0.31105638586956524 0.9323765851449275 0.31105638586956524 0.9677592844202898 0.250198143115942 0.9677592844202898
0 0.5290138134057971 0.19783174818840582 0.6125169836956521 0.19783174818840582 0.6125169836956521 0.25161345108695654 0.5290138134057971 0.25161345108695654
2 0.6337466032608695 0.1398041213768116 0.7724467844202898 0.1398041213768116 0.7724467844202898 0.2685971467391305 0.6337466032608695 0.2685971467391305
0 0.8120754076086956 0.13131227355072467 0.913977581521739 0.13131227355072467 0.913977581521739 0.22472259963768118 0.8120754076086956 0.22472259963768118
2 0.8743489583333333 0.44409533514492755 0.9677592844202898 0.44409533514492755 0.9677592844202898 0.5332597373188406 0.8743489583333333 0.5332597373188406
2 0.9111469655797101 0.05347033514492757 0.998046875 0.05347033514492757 0.998046875 0.17245636496655528 0.9111469655797101 0.17245636496655528
0 0.9026551177536232 0.28841145833333337 0.9408684329710144 0.28841145833333337 0.9408684329710144 0.3365319293478261 0.9026551177536232 0.3365319293478261
0 0.8573652626811594 0.006765172101449316 0.9323765851449275 0.006765172101449316 0.9323765851449275 0.07328464673913047 0.8573652626811594 0.07328464673913047
