2 0.19358582427536236 0.2501981431159421 0.3322860054347826 0.2501981431159421 0.3322860054347826 0.40305140398550726 0.19358582427536236 0.40305140398550726
2 0.448341259057971 0.9267153532608695 0.5452444584016953 0.9267153532608695 0.5452444584016953 0.998046875 0.448341259057971 0.998046875
0 0.5587352807971014 0.9578521286231884 0.627066349637681 0.9578521286231884 0.627066349637681 0.998046875 0.5587352807971014 0.998046875
0 0.7158344655797101 0.48796988224637683 0.8021682518115941 0.48796988224637683 0.8021682518115941 0.5403362771739131 0.7158344655797101 0.5403362771739131
1 0.015257019927536274 0.2402909873188406 0.11149796195652177 0.2402909873188406 0.11149796195652177 0.34643908514492755 0.015257019927536274 0.34643908514492755
0 0.4497565670289855 0.4908004981884058 0.5148607336956521 0.4908004981884058 0.5148607336956521 0.551658740942029 0.4497565670289855 0.551658740942029
1 0.43843410326086957 0.362007472826087 0.4865545742753623 0.362007472826087 0.4865545742753623 0.42428102355072467 0.43843410326086957 0.42428102355072467
1 0.32237884963768115 0.44692595108695654 0.4115432518115942 0.44692595108695654 0.4115432518115942 0.4992923460144928 0.32237884963768115 0.4992923460144928
1 0.40163609601449274 0.3393625452898551 0.43984941123188404 0.3393625452898551 0.43984941123188404 0.4186197916666667 0.40163609601449274 0.4186197916666667
0 0.6776211503623188 0.933791893115942 0.7231350958635265 0.933791893115942 0.7231350958635265 0.998046875 0.6776211503623188 0.998046875
0 0.7158344655797101 0.9026551177536232 0.7730695199275363 0.9026551177536232 0.7730695199275363 0.998046875 0.7158344655797101 0.998046875
0 0.5898720561594203 0.46532495471014496 0.6606374547101449 0.46532495471014496 0.6606374547101449 0.543166893115942 0.5898720561594203 0.543166893115942
0 0.5148607336956521 0.44975656702898553 0.5898720561594203 0.44975656702898553 0.5898720561594203 0.548828125 0.5148607336956521 0.548828125
