2 0.5290138134057971 0.8035835597826086 0.6054404438405797 0.8035835597826086 0.6054404438405797 0.9168081974637681 0.5290138134057971 0.9168081974637681
2 0.6323312952898551 0.7851845561594203 0.7158344655797101 0.7851845561594203 0.7158344655797101 0.9097316576086957 0.6323312952898551 0.9097316576086957
2 0.7144191576086956 0.7398947010869565 0.836135643115942 0.7398947010869565 0.836135643115942 0.8389662590579711 0.7144191576086956 0.8389662590579711
0 0.39314424818840576 0.6747905344202899 0.4879698822463768 0.6747905344202899 0.4879698822463768 0.7526324728260869 0.39314424818840576 0.7526324728260869
0 0.9069010416666666 0.8601958786231884 0.9705899003623187 0.8601958786231884 0.9705899003623187 0.9521908967391304 0.9069010416666666 0.9521908967391304
1 0.7597090126811594 0.9139775815217391 0.8446274909420289 0.9139775815217391 0.8446274909420289 0.9960654438405797 0.7597090126811594 0.9960654438405797
1 0.821982563405797 0.5686424365942029 0.9083163496376812 0.5686424365942029 0.9083163496376812 0.6832823822463768 0.821982563405797 0.6832823822463768
0 0.456833106884058 0.5629812047101449 0.5813802083333333 0.5629812047101449 0.5813802083333333 0.657806838768116 0.456833106884058 0.657806838768116
0 0.4115432518115942 0.4950464221014493 0.4469259510869565 0.4950464221014493 0.4469259510869565 0.5417515851449276 0.4115432518115942 0.5417515851449276
0 0.4922158061594203 0.3393625452898551 0.5799649003623188 0.3393625452898551 0.5799649003623188 0.4157891757246377 0.4922158061594203 0.4157891757246377
2 0.8517040307971014 0.3011492300724638 0.9521908967391304 0.3011492300724638 0.9521908967391304 0.4016360960144928 0.8517040307971014 0.4016360960144928
2 0.6606374547101449 0.27850430253623193 0.735648777173913 0.27850430253623193 0.735648777173913 0.36483808876811596 0.6606374547101449 0.36483808876811596
0 0.6846976902173912 0.40588201992753625 0.7257416213768115 0.40588201992753625 0.7257416213768115 0.459663722826087 0.6846976902173912 0.459663722826087
0 0.5346750452898551 0.6365772192028986 0.657806838768116 0.6365772192028986 0.657806838768116 0.7243263134057971 0.5346750452898551 0.7243263134057971
1 0.5997792119565217 0.08743772644927539 0.7016813858695652 0.08743772644927539 0.7016813858695652 0.19924705615942032 0.5997792119565217 0.19924705615942032
0 0.545997509057971 0.9620980525362318 0.6178951539855073 0.9620980525362318 0.6178951539855073 0.998046875 0.545997509057971 0.998046875
