2 0.635161911231884 0.19641644021739132 0.7766927083333333 0.19641644021739132 0.7766927083333333 0.3195482336956522 0.635161911231884 0.3195482336956522
2 0.32520946557971014 0.7243263134057971 0.40446671195652173 0.7243263134057971 0.40446671195652173 0.8134907155797102 0.32520946557971014 0.8134907155797102
2 0.23038383152173916 0.6592221467391305 0.3209635416666667 0.6592221467391305 0.3209635416666667 0.7625396286231884 0.23038383152173916 0.7625396286231884
0 0.7540477807971014 0.37616055253623193 0.8601958786231884 0.37616055253623193 0.8601958786231884 0.47947803442028986 0.7540477807971014 0.47947803442028986
0 0.8502887228260869 0.42569633152173914 0.922469429347826 0.42569633152173914 0.922469429347826 0.5106148097826088 0.8502887228260869 0.5106148097826088
2 0.5771342844202898 0.6422384510869565 0.6988507699275363 0.6422384510869565 0.6988507699275363 0.7582937047101449 0.5771342844202898 0.7582937047101449
1 0.646484375 0.8446274909420289 0.7427253170289855 0.8446274909420289 0.7427253170289855 0.9139775815217391 0.646484375 0.9139775815217391
0 0.11715919384057973 0.5459975090579711 0.21906136775362323 0.5459975090579711 0.21906136775362323 0.635161911231884 0.11715919384057973 0.635161911231884
0 0.16244904891304351 0.5771342844202899 0.28982676630434784 0.5771342844202899 0.28982676630434784 0.6988507699275363 0.16244904891304351 0.6988507699275363
1 0.6125169836956521 0.09026834239130438 0.6762058423913043 0.09026834239130438 0.6762058423913043 0.17235620471014496 0.6125169836956521 0.17235620471014496
0 0.42286571557971014 0.005349864130434824 0.5941179800724637 0.005349864130434824 0.5941179800724637 0.11149796195652177 0.42286571557971014 0.11149796195652177
1 0.7172497735507246 0.543166893115942 0.8403815670289855 0.543166893115942 0.8403815670289855 0.6365772192028986 0.7172497735507246 0.6365772192028986
