2 0.1284816576086957 0.6365772192028986 0.22047667572463772 0.6365772192028986 0.22047667572463772 0.7455559329710145 0.1284816576086957 0.7455559329710145
2 0.02374886775362323 0.4072973278985508 0.10300611413043481 0.4072973278985508 0.10300611413043481 0.5360903532608696 0.02374886775362323 0.5360903532608696
0 0.046393795289855114 0.38606770833333337 0.09734488224637684 0.38606770833333337 0.09734488224637684 0.4228657155797102 0.046393795289855114 0.4228657155797102
0 0.163864356884058 0.31388700181159424 0.250198143115942 0.31388700181159424 0.250198143115942 0.3931442481884058 0.163864356884058 0.3931442481884058
2 0.7752774003623188 0.3662533967391305 0.8856714221014492 0.3662533967391305 0.8856714221014492 0.47381680253623193 0.7752774003623188 0.47381680253623193
0 0.8233978713768115 0.8715183423913043 0.9069010416666666 0.8715183423913043 0.9069010416666666 0.9663439764492754 0.8233978713768115 0.9663439764492754
0 0.454002490942029 0.04922441123188409 0.554489356884058 0.04922441123188409 0.554489356884058 0.12140511775362321 0.454002490942029 0.12140511775362321
2 0.15961843297101452 0.4639096467391305 0.26859714673913043 0.4639096467391305 0.26859714673913043 0.5559046648550725 0.15961843297101452 0.5559046648550725
2 0.1256510416666667 0.755463088768116 0.21340013586956524 0.755463088768116 0.21340013586956524 0.8177366394927537 0.1256510416666667 0.8177366394927537
2 0.02516417572463772 0.8757642663043478 0.1242357336956522 0.8757642663043478 0.1242357336956522 0.9748358242753623 0.02516417572463772 0.9748358242753623
1 0.4653249547101449 0.27001245471014496 0.5233525815217391 0.27001245471014496 0.5233525815217391 0.32662477355072467 0.4653249547101449 0.32662477355072467
2 0.4808933423913043 0.5615658967391305 0.5743036684782609 0.5615658967391305 0.5743036684782609 0.6592221467391305 0.4808933423913043 0.6592221467391305
0 0.5686424365942029 0.744140625 0.6167629076086957 0.744140625 0.6167629076086957 0.8262284873188406 0.5686424365942029 0.8262284873188406
3 0.2077389039855073 0.15254189311594205 0.2855808423913043 0.15254189311594205 0.2855808423913043 0.2374603713768116 0.2077389039855073 0.2374603713768116
