1 0.2233072916666667 0.23321444746376813 0.30114923007246375 0.23321444746376813 0.30114923007246375 0.29973392210144933 0.2233072916666667 0.29973392210144933
2 0.6889436141304347 0.7229110054347826 0.8177366394927535 0.7229110054347826 0.8177366394927535 0.8389662590579711 0.6889436141304347 0.8389662590579711
1 0.749801856884058 0.5304291213768116 0.8078294836956521 0.5304291213768116 0.8078294836956521 0.6040251358695652 0.749801856884058 0.6040251358695652
1 0.9097316576086956 0.6365772192028986 0.998046875 0.6365772192028986 0.998046875 0.7304997519841271 0.9097316576086956 0.7304997519841271
2 0.5106148097826086 0.48230865036231885 0.6648833786231884 0.48230865036231885 0.6648833786231884 0.6266700634057971 0.5106148097826086 0.6266700634057971
2 0.8120754076086956 0.3832370923913044 0.9097316576086956 0.3832370923913044 0.9097316576086956 0.48230865036231885 0.8120754076086956 0.48230865036231885
0 0.6280853713768115 0.12282042572463772 0.7172497735507246 0.12282042572463772 0.7172497735507246 0.2714277626811595 0.6280853713768115 0.2714277626811595
0 0.6946048460144927 0.15678781702898553 0.7568783967391304 0.15678781702898553 0.7568783967391304 0.21481544384057974 0.6946048460144927 0.21481544384057974
1 0.7214956974637681 0.11008265398550728 0.7809386322463767 0.11008265398550728 0.7809386322463767 0.17518682065217395 0.7214956974637681 0.17518682065217395
0 0.4497565670289855 0.19217051630434784 0.4922158061594203 0.19217051630434784 0.4922158061594203 0.22896852355072467 0.4497565670289855 0.22896852355072467
0 0.5629812047101449 0.002519248188405838 0.629500679347826 0.002519248188405838 0.629500679347826 0.06054687500000003 0.5629812047101449 0.06054687500000003
