3 0.44126471920289856 0.7682008605072463 0.5389209692028986 0.7682008605072463 0.5389209692028986 0.8601958786231884 0.44126471920289856 0.8601958786231884
2 0.19500113224637686 0.6139322916666666 0.34077785326086957 0.6139322916666666 0.34077785326086957 0.7795233242753623 0.19500113224637686 0.7795233242753623
3 0.2233072916666667 0.4285269474637681 0.3209635416666667 0.4285269474637681 0.3209635416666667 0.5389209692028986 0.2233072916666667 0.5389209692028986
0 0.2756736865942029 0.5120301177536232 0.347854393115942 0.5120301177536232 0.347854393115942 0.5842108242753623 0.2756736865942029 0.5842108242753623
2 0.34219316123188404 0.2034929800724638 0.45541779891304346 0.2034929800724638 0.45541779891304346 0.31813292572463775 0.34219316123188404 0.31813292572463775
3 0.4299422554347826 0.3365319293478261 0.543166893115942 0.3365319293478261 0.543166893115942 0.44692595108695654 0.4299422554347826 0.44692595108695654
0 0.4497565670289855 0.4313575634057971 0.548828125 0.4313575634057971 0.548828125 0.5176913496376812 0.4497565670289855 0.5176913496376812
2 0.18084805253623193 0.2601052989130435 0.26859714673913043 0.2601052989130435 0.26859714673913043 0.38606770833333337 0.18084805253623193 0.38606770833333337
1 0.46390964673913043 0.1426347373188406 0.5686424365942029 0.1426347373188406 0.5686424365942029 0.24453691123188406 0.46390964673913043 0.24453691123188406
0 0.0067651721014493175 0.07611526268115945 0.08743772644927539 0.07611526268115945 0.08743772644927539 0.13131227355072467 0.0067651721014493175 0.13131227355072467
