2 0.47664741847826086 0.6011945199275363 0.5714730525362318 0.6011945199275363 0.5714730525362318 0.7144191576086957 0.47664741847826086 0.7144191576086957
0 0.4992923460144927 0.44975656702898553 0.5813802083333333 0.44975656702898553 0.5813802083333333 0.5205219655797102 0.4992923460144927 0.5205219655797102
2 0.5941179800724637 0.732818161231884 0.7101732336956521 0.732818161231884 0.7101732336956521 0.8630264945652174 0.5941179800724637 0.8630264945652174
2 0.6535609148550724 0.8432121829710145 0.7971349020092227 0.8432121829710145 0.7971349020092227 0.998046875 0.6535609148550724 0.998046875
2 0.13697350543478265 0.8545346467391304 0.26293591485507245 0.8545346467391304 0.26293591485507245 0.9606827445652174 0.13697350543478265 0.9606827445652174
2 0.29265738224637683 0.31813292572463775 0.40305140398550726 0.31813292572463775 0.40305140398550726 0.42711163949275366 0.29265738224637683 0.42711163949275366
0 0.16103374094202902 0.39455955615942034 0.24453691123188406 0.39455955615942034 0.24453691123188406 0.5106148097826088 0.16103374094202902 0.5106148097826088
1 0.06903872282608699 0.15678781702898553 0.17235620471014496 0.15678781702898553 0.17235620471014496 0.25444406702898553 0.06903872282608699 0.25444406702898553
3 0.06479279891304351 0.6875283061594203 0.15395720108695657 0.6875283061594203 0.15395720108695657 0.7965070199275363 0.06479279891304351 0.7965070199275363
0 0.14971127717391308 0.7413100090579711 0.19783174818840582 0.7413100090579711 0.19783174818840582 0.7894304800724637 0.14971127717391308 0.7894304800724637
3 0.009595788043478302 0.39172894021739135 0.13414288949275366 0.39172894021739135 0.13414288949275366 0.4950464221014493 0.009595788043478302 0.4950464221014493
2 0.2459522192028986 0.002519248188405838 0.3775758605072464 0.002519248188405838 0.3775758605072464 0.07469995471014496 0.2459522192028986 0.07469995471014496
1 0.06479279891304351 0.009595788043478302 0.13838881340579715 0.009595788043478302 0.13838881340579715 0.05205502717391308 0.06479279891304351 0.05205502717391308
0 0.003934556159420332 0.6125169836956522 0.09309895833333337 0.6125169836956522 0.09309895833333337 0.7597090126811594 0.003934556159420332 0.7597090126811594
