1 0.4837239583333333 0.19075520833333337 0.5629812047101449 0.19075520833333337 0.5629812047101449 0.29973392210144933 0.4837239583333333 0.29973392210144933
1 0.7257416213768115 0.2572746829710145 0.7922610960144927 0.2572746829710145 0.7922610960144927 0.32662477355072467 0.7257416213768115 0.32662477355072467
2 0.3237941576086957 0.36483808876811596 0.43984941123188404 0.36483808876811596 0.43984941123188404 0.4667402626811594 0.3237941576086957 0.4667402626811594
1 0.21481544384057974 0.21340013586956524 0.30114923007246375 0.21340013586956524 0.30114923007246375 0.2954879981884058 0.21481544384057974 0.2954879981884058
1 0.08743772644927539 0.25302875905797106 0.18650928442028988 0.25302875905797106 0.18650928442028988 0.34926970108695654 0.08743772644927539 0.34926970108695654
0 0.18933990036231887 0.5856261322463768 0.250198143115942 0.5856261322463768 0.250198143115942 0.6804517663043478 0.18933990036231887 0.6804517663043478
0 0.1058367300724638 0.42711163949275366 0.2063235960144928 0.42711163949275366 0.2063235960144928 0.5360903532608696 0.1058367300724638 0.5360903532608696
1 0.250198143115942 0.42569633152173914 0.3322860054347826 0.42569633152173914 0.3322860054347826 0.5459975090579711 0.250198143115942 0.5459975090579711
3 0.8573652626811594 0.5955332880434783 0.9493602807971014 0.5955332880434783 0.9493602807971014 0.6776211503623188 0.8573652626811594 0.6776211503623188
1 0.8233978713768115 0.056300951086956555 0.8969938858695652 0.056300951086956555 0.8969938858695652 0.1072520380434783 0.8233978713768115 0.1072520380434783
0 0.5672271286231884 0.005349864130434824 0.6733752264492753 0.005349864130434824 0.6733752264492753 0.05347033514492757 0.5672271286231884 0.05347033514492757
1 0.6210088315217391 0.037901947463768154 0.6606374547101449 0.037901947463768154 0.6606374547101449 0.06903872282608699 0.6210088315217391 0.06903872282608699
1 0.7936764039855072 0.005349864130434824 0.8885020380434782 0.005349864130434824 0.8885020380434782 0.03931725543478264 0.7936764039855072 0.03931725543478264
