0 0.3860677083333333 0.2034929800724638 0.4709861865942029 0.2034929800724638 0.4709861865942029 0.3195482336956522 0.3860677083333333 0.3195482336956522
2 0.7130038496376812 0.40305140398550726 0.8262284873188406 0.40305140398550726 0.8262284873188406 0.5176913496376812 0.7130038496376812 0.5176913496376812
2 0.5049535778985507 0.4908004981884058 0.6266700634057971 0.4908004981884058 0.6266700634057971 0.5983639039855073 0.5049535778985507 0.5983639039855073
0 0.3973901721014493 0.6662986865942029 0.5148607336956521 0.6662986865942029 0.5148607336956521 0.7653702445652174 0.3973901721014493 0.7653702445652174
1 0.537505661231884 0.6889436141304348 0.6181782155797101 0.6889436141304348 0.6181782155797101 0.7625396286231884 0.537505661231884 0.7625396286231884
0 0.28133491847826086 0.20632359601449277 0.3308706974637681 0.20632359601449277 0.3308706974637681 0.27284307065217395 0.28133491847826086 0.27284307065217395
2 0.9125622735507246 0.5502434329710145 0.9918195199275361 0.5502434329710145 0.9918195199275361 0.6507302989130435 0.9125622735507246 0.6507302989130435
2 0.06762341485507249 0.761124320652174 0.17377151268115945 0.761124320652174 0.17377151268115945 0.8785948822463768 0.06762341485507249 0.8785948822463768
0 0.4709861865942029 0.8601958786231884 0.5219372735507246 0.8601958786231884 0.5219372735507246 0.9210541213768115 0.4709861865942029 0.9210541213768115
1 0.5912873641304348 0.6224241394927537 0.643653759057971 0.6224241394927537 0.643653759057971 0.7045120018115942 0.5912873641304348 0.7045120018115942
2 0.5955332880434783 0.8106600996376812 0.727156929347826 0.8106600996376812 0.727156929347826 0.9125622735507246 0.5955332880434783 0.9125622735507246
2 0.17235620471014496 0.9125622735507246 0.26733909520933974 0.9125622735507246 0.26733909520933974 0.998046875 0.17235620471014496 0.998046875
0 0.1440500452898551 0.6280853713768116 0.26010529891304346 0.6280853713768116 0.26010529891304346 0.755463088768116 0.1440500452898551 0.755463088768116
2 0.8842561141304347 0.1808480525362319 0.9932348278985508 0.1808480525362319 0.9932348278985508 0.3025645380434783 0.8842561141304347 0.3025645380434783
2 0.26010529891304346 0.3577615489130435 0.3648380887681159 0.3577615489130435 0.3648380887681159 0.4610790307971015 0.26010529891304346 0.4610790307971015
0 0.21764605978260873 0.3804064764492754 0.32804008152173914 0.3804064764492754 0.32804008152173914 0.4936311141304348 0.21764605978260873 0.4936311141304348
0 0.7186650815217391 0.7710314764492754 0.8149060235507246 0.7710314764492754 0.8149060235507246 0.8375509510869565 0.7186650815217391 0.8375509510869565
2 0.8587805706521738 0.7568783967391305 0.9946501358695652 0.7568783967391305 0.9946501358695652 0.8658571105072463 0.8587805706521738 0.8658571105072463
0 0.0067651721014493175 0.2629359148550725 0.10442142210144931 0.2629359148550725 0.10442142210144931 0.36483808876811596 0.0067651721014493175 0.36483808876811596
0 0.9507755887681159 0.3605921648550725 0.9932348278985508 0.3605921648550725 0.9932348278985508 0.4908004981884058 0.9507755887681159 0.4908004981884058
0 0.005349864130434824 0.646484375 0.06762341485507249 0.646484375 0.06762341485507249 0.7285722373188406 0.005349864130434824 0.7285722373188406
