0 0.49640969669117646 0.16179342830882357 0.5883214613970589 0.16179342830882357 0.5883214613970589 0.24365234375000006 0.49640969669117646 0.24365234375000006
2 0.8023035386029412 0.480612362132353 0.9157571231617647 0.480612362132353 0.9157571231617647 0.599810431985294 0.8023035386029412 0.599810431985294
0 0.6716164981617647 0.16322954963235298 0.7477309283088236 0.16322954963235298 0.7477309283088236 0.23503561580882354 0.6716164981617647 0.23503561580882354
1 0.602682674632353 0.31833065257352944 0.693158318014706 0.31833065257352944 0.693158318014706 0.40449793198529416 0.602682674632353 0.40449793198529416
1 0.5768324908088236 0.23647173713235298 0.668744255514706 0.23647173713235298 0.668744255514706 0.3125861672794118 0.5768324908088236 0.3125861672794118
2 0.7936868106617647 0.05982881433823532 0.9085765165441176 0.05982881433823532 0.9085765165441176 0.1661017922794118 0.7936868106617647 0.1661017922794118
0 0.2781192555147059 0.20774931066176475 0.3398724724264706 0.20774931066176475 0.3398724724264706 0.2953527113970589 0.2781192555147059 0.2953527113970589
0 0.13881548713235295 0.5351849724264706 0.21349379595588236 0.5351849724264706 0.21349379595588236 0.6199161305147058 0.13881548713235295 0.6199161305147058
0 0.0957318474264706 0.6328412224264706 0.16897403492647062 0.6328412224264706 0.16897403492647062 0.7348058363970588 0.0957318474264706 0.7348058363970588
1 0.8281537224264706 0.1890797334558824 0.8827263327205882 0.1890797334558824 0.8827263327205882 0.24652458639705888 0.8281537224264706 0.24652458639705888
0 0.7865062040441176 0.9703297334558822 0.8626206341911765 0.9703297334558822 0.8626206341911765 0.9961799172794116 0.7865062040441176 0.9961799172794116
0 0.16466567095588236 0.43322035845588236 0.22211052389705885 0.43322035845588236 0.22211052389705885 0.5222598805147058 0.16466567095588236 0.5222598805147058
0 0.005256204044117683 0.8769818474264706 0.07993451286764708 0.8769818474264706 0.07993451286764708 0.997616038602941 0.005256204044117683 0.997616038602941
3 0.8439510569852942 0.7491670496323529 0.9574046415441176 0.7491670496323529 0.9574046415441176 0.8698012408088235 0.8439510569852942 0.8698012408088235
