2 0.2572746829710145 0.10866734601449278 0.33936254528985504 0.10866734601449278 0.33936254528985504 0.1808480525362319 0.2572746829710145 0.1808480525362319
2 0.6917742300724637 0.3096410778985508 0.7922610960144927 0.3096410778985508 0.7922610960144927 0.42711163949275366 0.6917742300724637 0.42711163949275366
0 0.7724467844202898 0.6691293025362319 0.8672724184782609 0.6691293025362319 0.8672724184782609 0.7993376358695652 0.7724467844202898 0.7993376358695652
0 0.5827955163043478 0.3747452445652174 0.6719599184782609 0.3747452445652174 0.6719599184782609 0.46532495471014496 0.5827955163043478 0.46532495471014496
0 0.646484375 0.4157891757246377 0.7115885416666666 0.4157891757246377 0.7115885416666666 0.4992923460144928 0.646484375 0.4992923460144928
1 0.7144191576086956 0.1808480525362319 0.8049988677536232 0.1808480525362319 0.8049988677536232 0.26718183876811596 0.7144191576086956 0.26718183876811596
3 0.8644418025362318 0.15395720108695654 0.9861582880434782 0.15395720108695654 0.9861582880434782 0.2685971467391305 0.8644418025362318 0.2685971467391305
3 0.5247678894927537 0.24595221920289856 0.6394078351449275 0.24595221920289856 0.6394078351449275 0.31813292572463775 0.5247678894927537 0.31813292572463775
3 0.838966259057971 0.6054404438405797 0.9776664402173912 0.6054404438405797 0.9776664402173912 0.755463088768116 0.838966259057971 0.755463088768116
0 0.9097316576086956 0.5106148097826088 0.9960654438405796 0.5106148097826088 0.9960654438405796 0.6011945199275363 0.9097316576086956 0.6011945199275363
