2 0.17235620471014496 0.44409533514492755 0.30822576992753625 0.44409533514492755 0.30822576992753625 0.5912873641304348 0.17235620471014496 0.5912873641304348
1 0.34926970108695654 0.35210031702898553 0.4087126358695652 0.35210031702898553 0.4087126358695652 0.4398494112318841 0.34926970108695654 0.4398494112318841
0 0.4596637228260869 0.44126471920289856 0.540336277173913 0.44126471920289856 0.540336277173913 0.5304291213768116 0.4596637228260869 0.5304291213768116
0 0.5360903532608695 0.7172497735507246 0.6011945199275363 0.7172497735507246 0.6011945199275363 0.7752774003623188 0.5360903532608695 0.7752774003623188
0 0.7512171648550724 0.5629812047101449 0.8686877264492753 0.5629812047101449 0.8686877264492753 0.6365772192028986 0.7512171648550724 0.6365772192028986
1 0.7512171648550724 0.6266700634057971 0.8587805706521738 0.6266700634057971 0.8587805706521738 0.6776211503623188 0.7512171648550724 0.6776211503623188
3 0.3719146286231884 0.6224241394927537 0.4851392663043478 0.6224241394927537 0.4851392663043478 0.7214956974637681 0.3719146286231884 0.7214956974637681
0 0.32520946557971014 0.16669497282608697 0.42286571557971014 0.16669497282608697 0.42286571557971014 0.29690330615942034 0.32520946557971014 0.29690330615942034
1 0.6195935235507246 0.551658740942029 0.6889436141304347 0.551658740942029 0.6889436141304347 0.629500679347826 0.6195935235507246 0.629500679347826
3 0.4738168025362319 0.5714730525362319 0.5771342844202898 0.5714730525362319 0.5771342844202898 0.6677139945652174 0.4738168025362319 0.6677139945652174
0 0.6493149909420289 0.4341881793478261 0.7087579257246377 0.4341881793478261 0.7087579257246377 0.5148607336956522 0.6493149909420289 0.5148607336956522
1 0.7342334692028986 0.41154325181159424 0.8007529438405797 0.41154325181159424 0.8007529438405797 0.5091995018115942 0.7342334692028986 0.5091995018115942
0 0.836135643115942 0.4143738677536232 0.930961277173913 0.4143738677536232 0.930961277173913 0.5091995018115942 0.836135643115942 0.5091995018115942
2 0.6620527626811594 0.14971127717391308 0.7752774003623188 0.14971127717391308 0.7752774003623188 0.27708899456521746 0.6620527626811594 0.27708899456521746
2 0.5176913496376812 0.1822633605072464 0.6337466032608695 0.1822633605072464 0.6337466032608695 0.3025645380434783 0.5176913496376812 0.3025645380434783
2 0.9168081974637681 0.39172894021739135 0.9960654438405796 0.39172894021739135 0.9960654438405796 0.48796988224637683 0.9168081974637681 0.48796988224637683
0 0.7950917119565217 0.2983186141304348 0.8545346467391304 0.2983186141304348 0.8545346467391304 0.35634624094202905 0.7950917119565217 0.35634624094202905
2 0.5106148097826086 0.0011039402173913461 0.5983639039855072 0.0011039402173913461 0.5983639039855072 0.056300951086956555 0.5106148097826086 0.056300951086956555
2 0.9153928894927535 0.08460711050724641 0.9974807518115942 0.08460711050724641 0.9974807518115942 0.18933990036231887 0.9153928894927535 0.18933990036231887
