2 0.2799196105072464 0.5290138134057971 0.4058820199275362 0.5290138134057971 0.4058820199275362 0.5941179800724637 0.2799196105072464 0.5941179800724637
0 0.3153023097826087 0.6620527626811594 0.41437386775362317 0.6620527626811594 0.41437386775362317 0.7299875452898551 0.3153023097826087 0.7299875452898551
2 0.43984941123188404 0.4398494112318841 0.5700577445652174 0.4398494112318841 0.5700577445652174 0.5771342844202899 0.43984941123188404 0.5771342844202899
0 0.49080049818840576 0.3195482336956522 0.5332597373188406 0.3195482336956522 0.5332597373188406 0.40022078804347827 0.49080049818840576 0.40022078804347827
2 0.5360903532608695 0.2813349184782609 0.6365772192028986 0.2813349184782609 0.6365772192028986 0.39031363224637683 0.5360903532608695 0.39031363224637683
2 0.8318897192028986 0.43560348731884063 0.939453125 0.43560348731884063 0.939453125 0.543166893115942 0.8318897192028986 0.543166893115942
0 0.47523211050724634 0.7526324728260869 0.5799649003623188 0.7526324728260869 0.5799649003623188 0.8743489583333334 0.47523211050724634 0.8743489583333334
2 0.8828408061594203 0.30822576992753625 0.9720052083333333 0.30822576992753625 0.9720052083333333 0.3959748641304348 0.8828408061594203 0.3959748641304348
2 0.8290591032608695 0.26152060688405804 0.8984091938405797 0.26152060688405804 0.8984091938405797 0.38889832427536236 0.8290591032608695 0.38889832427536236
2 0.8035835597826086 0.1440500452898551 0.8686877264492753 0.1440500452898551 0.8686877264492753 0.2388756793478261 0.8035835597826086 0.2388756793478261
0 0.34077785326086957 0.025164175724637722 0.43984941123188404 0.025164175724637722 0.43984941123188404 0.13555819746376815 0.34077785326086957 0.13555819746376815
1 0.5743036684782609 0.04214787137681163 0.6861129981884058 0.04214787137681163 0.6861129981884058 0.15395720108695654 0.5743036684782609 0.15395720108695654
1 0.9210541213768115 0.03648663949275366 0.9861582880434782 0.03648663949275366 0.9861582880434782 0.11149796195652177 0.9210541213768115 0.11149796195652177
1 0.9083163496376812 0.13838881340579712 0.9847429800724637 0.13838881340579712 0.9847429800724637 0.2431216032608696 0.9083163496376812 0.2431216032608696
1 0.7965070199275361 0.01950294384057975 0.913977581521739 0.01950294384057975 0.913977581521739 0.11149796195652177 0.7965070199275361 0.11149796195652177
0 0.19924705615942032 0.002519248188405838 0.3124716938405797 0.002519248188405838 0.3124716938405797 0.06903872282608699 0.19924705615942032 0.06903872282608699
